SIZES
  narena                14680064
  nbuffer               302752
  nplugin               0
  maxuse_stack          3348
  maxuse_arena          35152
  maxuse_con            10
  maxuse_efc            42
  solver_nisland        1
  ncon                  0
  ne                    1
  nf                    0
  nl                    0
  nefc                  1
  nnzJ                  9
  nisland               0
  threadpool            0

TIMER
    0:  duration =  0.15       number = 1
    1:  duration =  0.14       number = 1
    2:  duration =  0          number = 0
    3:  duration =  0.11       number = 1
    4:  duration =  0.0071     number = 1
    5:  duration =  0.0039     number = 1
    6:  duration =  0.016      number = 1
    7:  duration =  0.0069     number = 1
    8:  duration =  0.024      number = 1
    9:  duration =  0.0031     number = 1
    10:  duration =  0.064      number = 1
    11:  duration =  0.017      number = 1
    12:  duration =  0.00023    number = 1
    13:  duration =  0.016      number = 1
    14:  duration =  0.043      number = 1

SOLVER STAT
  solver_nisland = 1
  solver_fwdinv =   0         0       
  ISLAND 0
    solver_niter = 1
    solver_nnz = 81
      0:  improvement =  21          gradient =  2.9e-16     lineslope =  0       
          nactive = 1   nchange = 0   neval = 2   nupdate = 0

ENERGY =   0         0       

TIME =  5.9     

QPOS
   0.46    
   0.14    
   0.37    
  -0.24    
   0.27    
   1       
   0.066   
  -2.6e-06 
   6.4e-05 

QVEL
  -5       
  -0.75    
  -3.9     
   1.6     
  -3.2     
  -6.9     
  -0.67    
  -0.0037  
   0.0032  

QACC_WARMSTART
   97      
   40      
   1.7e+02 
   46      
  -62      
  -22      
   26      
   2.9     
  -2.9     

CTRL
   0       
   0       
   0       
   0       
   0       
   0       
   0       
   0       

QFRC_APPLIED
   0       
   0       
   0       
   0       
   0       
   0       
   0       
   0       
   0       

XFRC_APPLIED
   0         0         0         0         0         0       
   0         0         0         0         0         0       
   0         0         0         0         0         0       
   0         0         0         0         0         0       
   0         0         0         0         0         0       
   0         0         0         0         0         0       
   0         0         0         0         0         0       
   0         0         0         0         0         0       
   0         0         0         0         0         0       
   0         0         0         0         0         0       
   0         0         0         0         0         0       
   0         0         0         0         0         0       
   0         0         0         0         0         0       
   0         0         0         0         0         0       

EQ_ACTIVE             1

QACC
   97      
   40      
   1.7e+02 
   46      
  -62      
  -22      
   26      
   2.9     
  -2.9     

XPOS
   0         0         0       
   0         0         0       
   0         0         0       
   0         0         0.33    
   0         0         0.33    
   0.04      0.02      0.65    
   0.094     0.082     0.63    
   0.15      0.12      1       
   0.15      0.12      1       
   0.19      0.17      1.1     
   0.21      0.24      1       
   0.22      0.28      0.95    
   0.22      0.28      0.95    
   0.23      0.3       0.92    

XQUAT
   1         0         0         0       
   1         0         0         0       
   1         0         0         0       
   0.97      0         0         0.23    
   0.67     -0.7      -0.11      0.21    
   0.91     -0.0032    0.072     0.41    
   0.67      0.59      0.42      0.16    
   0.83     -0.027     0.19      0.53    
   0.4       0.74      0.16      0.51    
  -0.25      0.83      0.44      0.24    
  -0.14      0.59      0.73      0.32    
  -0.14      0.59      0.73      0.32    
  -0.32      0.73     -0.59     -0.14    
  -0.14      0.59      0.73      0.32    

XMAT
   1         0         0         0         1         0         0         0         1       
   1         0         0         0         1         0         0         0         1       
   1         0         0         0         1         0         0         0         1       
   0.89     -0.45      0         0.45      0.89      0         0         0         1       
   0.88     -0.13     -0.45      0.45     -0.065     0.89     -0.14     -0.99     -1.5e-16 
   0.65     -0.75      0.13      0.75      0.66      0.065    -0.13      0.053     0.99    
   0.6       0.28      0.75      0.71      0.24     -0.66     -0.36      0.93     -0.053   
   0.37     -0.89      0.28      0.87      0.44      0.24     -0.34      0.15      0.93    
   0.43     -0.18      0.89      0.64     -0.63     -0.44      0.63      0.76     -0.15    
   0.49      0.86      0.18      0.61     -0.48      0.63      0.62     -0.19     -0.76    
  -0.26      0.95      0.18      0.77      0.094     0.63      0.58      0.3      -0.76    
  -0.26      0.95      0.18      0.77      0.094     0.63      0.58      0.3      -0.76    
   0.26     -0.95      0.18     -0.77     -0.094     0.63     -0.58     -0.3      -0.76    
  -0.26      0.95      0.18      0.77      0.094     0.63      0.58      0.3      -0.76    

XIPOS
   0         0         0       
   0         0         0       
  -0.041    -0.00014   0.05    
   0.0025    0.0036    0.29    
  -0.00069   0.0036    0.36    
   0.02      0.063     0.58    
   0.11      0.051     0.75    
   0.1       0.11      1       
   0.17      0.17      1.1     
   0.2       0.22      1       
   0.22      0.25      0.97    
   0.22      0.28      0.95    
   0.22      0.28      0.95    
   0.24      0.37      0.85    

XIMAT
   1         0         0         0         1         0         0         0         1       
   1         0         0         0         1         0         0         0         1       
   0.13      0.0028    0.99      0.019    -1         0.00032   0.99      0.019    -0.13    
  -0.44     -0.9       0.0037    0.9      -0.44     -0.029     0.028    -0.0094    1       
   0.055     0.28      0.96      0.95     -0.32      0.036     0.31      0.91     -0.28    
  -0.82     -0.57      0.049     0.5      -0.68      0.54     -0.27      0.47      0.84    
   0.93     -0.078     0.36     -0.024    -0.99     -0.15      0.37      0.13     -0.92    
   0.56     -0.76      0.33      0.67      0.65      0.37     -0.49      0.012     0.87    
   0.68      0.27      0.68     -0.71      0.46      0.53     -0.17     -0.85      0.5     
   0.35      0.86      0.37      0.57     -0.51      0.64      0.74     -0.011    -0.67    
  -0.26      0.95      0.18      0.77      0.094     0.63      0.58      0.3      -0.76    
  -0.26      0.95      0.18      0.77      0.094     0.63      0.58      0.3      -0.76    
   0.26     -0.95      0.18     -0.77     -0.094     0.63     -0.58     -0.3      -0.76    
  -0.26      0.95      0.18      0.77      0.094     0.63      0.58      0.3      -0.76    

XANCHOR
   0         0         0.33    
   0         0         0.33    
   0.04      0.02      0.65    
   0.094     0.082     0.63    
   0.15      0.12      1       
   0.15      0.12      1       
   0.19      0.17      1.1     
   0.22      0.28      0.95    
   0.22      0.28      0.95    

XAXIS
   0         0         1       
  -0.45      0.89      1.1e-16 
   0.13      0.065     0.99    
   0.75     -0.66     -0.053   
   0.28      0.24      0.93    
   0.89     -0.44     -0.15    
   0.18      0.63     -0.76    
   0.95      0.094     0.3     
  -0.95     -0.094    -0.3     

GEOM_XPOS
   0         0         0       
   0.6       0         0.25    
   0.6       0         0.57    
   0.6       0         0.64    
   0.64      0.13      0.64    
   0.59      0.018     0.98    
   0.44     -0.19      0.33    
   0.096    -0.19      0.21    
  -0.024     0.069     0.037   
  -0.025     0.073     0.037   
  -0.024    -0.065     0.063   
  -0.025    -0.073     0.063   
  -0.065    -0.066     0.048   
  -0.06      0.058     0.037   
   0.011    -0.072     0.046   
  -0.03     -3.4e-05   0.053   
  -0.025    -0.073     0.033   
  -0.024    -0.065     0.033   
   0.011     0.072     0.046   
  -0.029    -0.00088   0.057   
   0.015    -0.029     0.27    
   0.014    -0.028     0.26    
  -0.0058    0.033     0.4     
  -0.0052    0.032     0.4     
   0.044     0.065     0.6     
   0.061     0.028     0.63    
   0.078     0.052     0.58    
   0.03      0.13      0.64    
   0.046     0.068     0.6     
   0.087     0.086     0.7     
   0.098     0.046     0.68    
   0.15      0.027     0.64    
   0.052     0.049     0.67    
   0.1       0.048     0.68    
   0.057     0.15      1       
   0.025     0.13      0.94    
   0.081     0.11      0.93    
   0.076     0.075     0.83    
   0.047     0.12      0.92    
   0.089     0.15      1       
   0.16      0.14      1       
   0.2       0.092     1       
   0.18      0.14      1.1     
   0.17      0.13      1.1     
   0.18      0.13      1.1     
   0.18      0.12      1.1     
   0.17      0.12      1.1     
   0.16      0.11      1.1     
   0.19      0.15      1.1     
   0.2       0.093     1       
   0.18      0.13      1.1     
   0.18      0.12      1.1     
   0.15      0.14      1.1     
   0.2       0.11      1.1     
   0.19      0.1       1       
   0.18      0.13      1.1     
   0.18      0.15      1.1     
   0.18      0.14      1.1     
   0.26      0.23      1       
   0.25      0.26      1.1     
   0.16      0.22      1       
   0.15      0.22      1       
   0.15      0.22      1       
   0.27      0.21      1       
   0.26      0.22      1       
   0.2       0.22      1       
   0.22      0.22      1       
   0.21      0.25      0.98    
   0.12      0.23      0.97    
   0.14      0.22      0.99    
   0.22      0.26      0.98    
   0.21      0.24      0.99    
   0.21      0.25      0.98    
   0.24      0.29      0.94    
   0.23      0.31      0.92    
   0.24      0.29      0.94    
   0.23      0.31      0.92    
   0.23      0.31      0.92    
   0.23      0.3       0.91    
   0.23      0.31      0.93    
   0.23      0.3       0.92    
   0.21      0.29      0.93    
   0.22      0.3       0.92    
   0.21      0.29      0.93    
   0.22      0.3       0.92    
   0.23      0.3       0.91    
   0.22      0.31      0.92    
   0.23      0.3       0.92    
   0.22      0.31      0.92    

GEOM_XMAT
   1         0         0         0         1         0         0         0         1       
   1         0         0         0         1         0         0         0         1       
   1         0         0         0         1         0         0         0         1       
  -1         0         0         0        -1         0         0         0         1       
  -0.96     -0.12      0.25     -0.12     -0.67     -0.74      0.25     -0.74      0.63    
  -0.9      -0.29      0.31     -0.29     -0.095    -0.95      0.31     -0.95      0       
  -0.66      0         0.75      0        -1         0         0.75      0         0.66    
  -0.33      0         0.94      0        -1         0         0.94      0         0.33    
  -0.16     -0.63      0.76      0.99     -0.1       0.12      0.0009    0.77      0.64    
  -0.084     0.71      0.7       0.99      0.013     0.11      0.066     0.71     -0.7     
   0.99     -0.0056   -0.17     -0.17      0.0013   -0.99      0.0057    1         0.0004  
   0.28     -0.61      0.74      0.96      0.24     -0.16     -0.085     0.76      0.65    
   0.16     -0.99      0.032     0.99      0.16      0.0071   -0.012     0.03      1       
  -0.16      0.18      0.97      0.99      0.029     0.16      0         0.98     -0.18    
   0.16     -0.98     -0.12      0.99      0.16      0.022    -0.0026   -0.12      0.99    
  -0.42      0.0024    0.91     -0.0015   -1         0.0019    0.91     -0.00057   0.42    
   0.014    -0.99     -0.14     -0.0066    0.14     -0.99      1         0.015    -0.0045  
   0.99     -0.0078   -0.15     -0.15      0.027    -0.99      0.012     1         0.025   
  -0.16     -0.98     -0.12      0.99     -0.16     -0.022     0.0025   -0.12      0.99    
  -0.36      0.0082    0.93      0.022    -1         0.017     0.93      0.027     0.36    
   0.89     -0.42      0.17      0.45      0.83     -0.33     -0.00014   0.37      0.93    
   0.89     -0.43      0.16      0.45      0.84     -0.31      0.00032   0.34      0.94    
   0.88     -0.37      0.29      0.45      0.85     -0.27     -0.14      0.37      0.92    
   0.88     -0.38      0.27      0.45      0.86     -0.24     -0.14      0.34      0.93    
  -0.52      0.82      0.22     -0.39     -0.46      0.8       0.76      0.33      0.56    
   0.5      -0.57      0.65     -0.24     -0.81     -0.54      0.83      0.12     -0.54    
  -0.99      0.064     0.14     -0.056    -1         0.067     0.14      0.058     0.99    
  -0.8      -0.3       0.53      0.61     -0.41      0.68      0.0092    0.86      0.51    
  -0.62      0.75      0.23     -0.34     -0.51      0.79      0.71      0.41      0.57    
   0.11     -0.95     -0.28     -0.97     -0.042    -0.23      0.21      0.3      -0.93    
   0.37      0.78      0.51      0.88     -0.46      0.059     0.28      0.43     -0.86    
   0.72     -0.59      0.36     -0.69     -0.63      0.36      0.02     -0.51     -0.86    
   0.59     -0.67      0.46     -0.14     -0.64     -0.76      0.8       0.38     -0.47    
   0.34      0.8       0.49      0.9      -0.42      0.058     0.25      0.42     -0.87    
  -0.9      -0.37      0.24      0.43     -0.86      0.26      0.1       0.34      0.94    
  -0.96     -0.24      0.15      0.28     -0.87      0.41      0.028     0.43      0.9     
   0.37     -0.93      0.026     0.87      0.36      0.35     -0.34     -0.11      0.94    
   0.67     -0.54      0.51     -0.23     -0.8      -0.55      0.7       0.25     -0.66    
  -0.93     -0.37      0.056     0.37     -0.86      0.35     -0.081     0.34      0.94    
   0.37     -0.084     0.93      0.87      0.38     -0.31     -0.33      0.92      0.21    
   0.86     -0.045     0.51     -0.49      0.23      0.84     -0.15     -0.97      0.17    
   0.84     -0.54      0.07     -0.5      -0.71      0.49     -0.22     -0.45     -0.87    
  -0.07      0.81      0.59     -0.47     -0.54      0.69      0.88     -0.23      0.42    
   0.43     -0.18      0.89      0.64     -0.63     -0.44      0.63      0.76     -0.15    
  -0.18      0.89      0.43     -0.63     -0.44      0.64      0.76     -0.15      0.63    
   0.43     -0.18      0.89      0.64     -0.63     -0.44      0.63      0.76     -0.15    
  -0.18      0.89      0.43     -0.63     -0.44      0.64      0.76     -0.15      0.63    
   0.43     -0.18      0.89      0.64     -0.63     -0.44      0.63      0.76     -0.15    
   0.43     -0.18      0.89      0.64     -0.63     -0.44      0.63      0.76     -0.15    
   0.84      0.17      0.52     -0.5       0.62      0.6      -0.22     -0.77      0.61    
  -0.082     0.9       0.43     -0.47     -0.41      0.78      0.88     -0.14      0.46    
  -0.1      -0.45      0.89     -0.51     -0.74     -0.44      0.86     -0.49     -0.15    
   0.43     -0.18      0.89      0.64     -0.63     -0.44      0.63      0.76     -0.15    
   0.43     -0.18      0.89      0.64     -0.63     -0.44      0.63      0.76     -0.15    
   0.84      0.19      0.51     -0.5       0.63      0.59     -0.21     -0.75      0.62    
  -0.082     0.87      0.48     -0.47     -0.46      0.75      0.88     -0.16      0.45    
   0.96      0.22      0.19     -0.29      0.6       0.75      0.049    -0.77      0.64    
   0.94      0.22      0.27     -0.35      0.71      0.61     -0.055    -0.67      0.74    
  -0.027    -0.96     -0.27      0.59     -0.24      0.77     -0.81     -0.14      0.58    
  -0.18     -0.047    -0.98      0.78      0.61     -0.17      0.6      -0.79     -0.073   
   0.2       0.24     -0.95      0.53     -0.84     -0.1      -0.82     -0.49     -0.29    
   0.95      0.26      0.18      0.094    -0.77      0.63      0.3      -0.58     -0.76    
   0.95      0.26      0.18      0.094    -0.77      0.63      0.3      -0.58     -0.76    
   0.34     -0.037     0.94     -0.76      0.57      0.3      -0.55     -0.82      0.17    
  -0.089    -0.96     -0.26      0.58     -0.26      0.77     -0.81     -0.082     0.58    
   0.18     -0.86      0.48      0.63      0.48      0.61     -0.76      0.2       0.62    
   0.13      0.26     -0.96      0.62     -0.77     -0.13     -0.77     -0.58     -0.26    
   0.18      0.26     -0.95      0.63     -0.77     -0.094    -0.76     -0.58     -0.3     
  -0.26      0.95     -0.17      0.77      0.31      0.55      0.58      0.017    -0.82    
  -0.3       0.091    -0.95      0.54      0.84     -0.093     0.78     -0.54     -0.3     
  -0.26      0.19     -0.95      0.77      0.63     -0.087     0.58     -0.75     -0.31    
   0.18     -0.96     -0.2       0.63     -0.041     0.78     -0.76     -0.26      0.6     
  -0.26      0.16     -0.95      0.77      0.62     -0.11      0.58     -0.77     -0.28    
   0.96      0.26      0.11      0.14     -0.77      0.62      0.24     -0.58     -0.78    
   0.95      0.24     -0.21      0.092     0.41      0.91      0.31     -0.88      0.36    
   0.96      0.26      0.11      0.14     -0.77      0.62      0.24     -0.58     -0.78    
  -0.26      0.95      0.18      0.77      0.094     0.63      0.58      0.3      -0.76    
  -0.26      0.95      0.18      0.77      0.094     0.63      0.58      0.3      -0.76    
  -0.26      0.95      0.18      0.77      0.094     0.63      0.58      0.3      -0.76    
  -0.26      0.95      0.18      0.77      0.094     0.63      0.58      0.3      -0.76    
  -0.26      0.95      0.18      0.77      0.094     0.63      0.58      0.3      -0.76    
  -0.93     -0.26      0.25     -0.045     0.77      0.63     -0.36      0.58     -0.73    
  -0.95      0.1       0.3      -0.096     0.81     -0.58     -0.3      -0.58     -0.75    
  -0.93     -0.26      0.25     -0.045     0.77      0.63     -0.36      0.58     -0.73    
   0.26     -0.95      0.18     -0.77     -0.094     0.63     -0.58     -0.3      -0.76    
   0.26     -0.95      0.18     -0.77     -0.094     0.63     -0.58     -0.3      -0.76    
   0.26     -0.95      0.18     -0.77     -0.094     0.63     -0.58     -0.3      -0.76    
   0.26     -0.95      0.18     -0.77     -0.094     0.63     -0.58     -0.3      -0.76    
   0.26     -0.95      0.18     -0.77     -0.094     0.63     -0.58     -0.3      -0.76    

SITE_XPOS
   0.5       0.2       0.6     
   0.23      0.3       0.92    

SITE_XMAT
   1         0         0         0         1         0         0         0         1       
  -0.26      0.95      0.18      0.77      0.094     0.63      0.58      0.3      -0.76    

LIGHT_XPOS
   0.044     0.062     2       
   0         0         1.5     

LIGHT_XDIR
   0         0        -1       
   0         0        -1       

SUBTREE_COM
   0.067     0.068     0.61    
   0.067     0.068     0.61    
   0.067     0.068     0.61    
   0.071     0.07      0.64    
   0.1       0.098     0.78    
   0.11      0.1       0.81    
   0.14      0.12      0.9     
   0.16      0.18      1       
   0.19      0.2       1       
   0.21      0.24      1       
   0.22      0.25      0.97    
   0.22      0.28      0.95    
   0.22      0.28      0.95    
   0.24      0.37      0.85    

CDOF
   0         0         1        -0.068     0.067     0       
  -0.45      0.89      1.1e-16   0.25      0.13     -0.091   
   0.13      0.065     0.99     -0.049     0.031     0.0043  
   0.75     -0.66     -0.053     0.013     0.017    -0.029   
   0.28      0.24      0.93     -0.053     0.035     0.0068  
   0.89     -0.44     -0.15      0.17      0.37     -0.08    
   0.18      0.63     -0.76     -0.37      0.18      0.058   
   0         0         0         0.95      0.094     0.3     
   0         0         0        -0.95     -0.094    -0.3     

CINERT
   0         0         0         0         0         0         0         0         0         0       
   0         0         0         0         0         0        -0        -0        -0         0       
   0.21      0.21      0.015    -0.0046   -0.038    -0.024    -0.068    -0.043    -0.36      0.63    
   1.3       1.3       0.05     -0.022    -0.11     -0.085    -0.32     -0.32     -1.6       5       
   0.049     0.075     0.032    -0.0036   -0.0042   -0.0094   -0.044    -0.041    -0.16      0.65    
   0.046     0.041     0.02     -0.0018   -0.007    -0.019    -0.15     -0.016    -0.11      3.2     
   0.099     0.1       0.022     0.0034   -0.014     0.0054    0.16     -0.058     0.49      3.6     
   0.21      0.21      0.019    -0.0014   -0.023    -0.031     0.04      0.057     0.47      1.2     
   0.34      0.34      0.038    -0.019    -0.076    -0.074     0.17      0.17      0.73      1.7     
   0.16      0.15      0.039    -0.016    -0.04     -0.044     0.099     0.11      0.31      0.74    
   0.12      0.11      0.042    -0.02     -0.038    -0.048     0.11      0.13      0.26      0.73    
   0.0024    0.0021    0.001    -0.00048  -0.00077  -0.0011    0.0023    0.0031    0.0051    0.015   
   0.0024    0.0021    0.001    -0.00048  -0.00077  -0.0011    0.0023    0.0031    0.0051    0.015   
   0         0         0         0         0         0         0         0         0         0       

TEN_LENGTH
   3.1e-05 

TEN_MOMENT
   0         0         0         0         0         0         0         0.5       0.5     

TENDON 0: 0 wrap points

ACTUATOR_LENGTH
   0.47    
   0.14    
   0.38    
  -0.24    
   0.28    
   1       
   0.068   
   3.1e-05 

ACTUATOR_MOMENT
   1         0         0         0         0         0         0         0         0       
   0         1         0         0         0         0         0         0         0       
   0         0         1         0         0         0         0         0         0       
   0         0         0         1         0         0         0         0         0       
   0         0         0         0         1         0         0         0         0       
   0         0         0         0         0         1         0         0         0       
   0         0         0         0         0         0         1         0         0       
   0         0         0         0         0         0         0         0.5       0.5     

CRB
   0         0         0         0         0         0         0         0         0         0       
   2.5       2.5       0.28     -0.086    -0.35     -0.33      3.1e-16   3.5e-16   2.2e-15   17      
   2.5       2.5       0.28     -0.086    -0.35     -0.33      3.1e-16   3.5e-16   2.2e-15   17      
   2.3       2.3       0.27     -0.081    -0.31     -0.31      0.068     0.043     0.36      17      
   1         1         0.22     -0.059    -0.2      -0.22      0.39      0.36      2         12      
   0.98      0.96      0.18     -0.055    -0.2      -0.21      0.43      0.4       2.2       11      
   0.93      0.92      0.16     -0.054    -0.19     -0.19      0.58      0.42      2.3       8       
   0.83      0.82      0.14     -0.057    -0.18     -0.2       0.42      0.48      1.8       4.4     
   0.62      0.61      0.12     -0.056    -0.16     -0.17      0.38      0.42      1.3       3.2     
   0.28      0.27      0.084    -0.037    -0.08     -0.094     0.21      0.25      0.58      1.5     
   0.12      0.11      0.044    -0.021    -0.04     -0.05      0.11      0.14      0.27      0.76    
   0.0024    0.0021    0.001    -0.00048  -0.00077  -0.0011    0.0023    0.0031    0.0051    0.015   
   0.0024    0.0021    0.001    -0.00048  -0.00077  -0.0011    0.0023    0.0031    0.0051    0.015   
   0         0         0         0         0         0         0         0         0         0       

QM
   0.53     -0.31      0.26     -0.035     0.094    -0.016    -0.0061   -0.0036    0.0036  
  -0.31      3.4      -0.31     -1.4      -0.15     -0.088     0.0043    0.0068   -0.0068  
   0.26     -0.31      0.29      0.049     0.079    -0.0053   -0.0055   -0.003     0.003   
  -0.035    -1.4       0.049     0.95      0.053     0.072    -0.0025   -0.0021    0.0021  
   0.094    -0.15      0.079     0.053     0.16      0.00093  -0.0042   -0.0021    0.0021  
  -0.016    -0.088    -0.0053    0.072     0.00093   0.15     -0.0013    0.0016   -0.0016  
  -0.0061    0.0043   -0.0055   -0.0025   -0.0042   -0.0013    0.11     -1.3e-18   1.7e-18 
  -0.0036    0.0068   -0.003    -0.0021   -0.0021    0.0016   -1.3e-18   0.11      0       
   0.0036   -0.0068    0.003     0.0021    0.0021   -0.0016    1.7e-18   0         0.11    

QLD
   0.27     -0.13      0.86     -0.066     0.6      -0.1      -0.057    -0.032     0.032   
  -0.13      1.1      -0.81     -1.5      -0.93     -0.57      0.04      0.059    -0.059   
   0.86     -0.81      0.25      0.028     0.5      -0.035    -0.052    -0.026     0.026   
  -0.066    -1.5       0.028     0.9       0.33      0.47     -0.023    -0.019     0.019   
   0.6      -0.93      0.5       0.33      0.16      0.0061   -0.04     -0.018     0.018   
  -0.1      -0.57     -0.035     0.47      0.0061    0.15     -0.012     0.014    -0.014   
  -0.057     0.04     -0.052    -0.023    -0.04     -0.012     0.11     -1.1e-17   1.5e-17 
  -0.032     0.059    -0.026    -0.019    -0.018     0.014    -1.1e-17   0.11      0       
   0.032    -0.059     0.026     0.019     0.018    -0.014     1.5e-17   0         0.11    

QLDIAGINV
   3.7     
   0.93    
   4       
   1.1     
   6.4     
   6.5     
   9.4     
   8.7     
   8.7     

QLDIAGSQRTINV
   1.9     
   0.96    
   2       
   1.1     
   2.5     
   2.6     
   3.1     
   2.9     
   2.9     

B: body-dof matrix
-----------
 xxxxxxxxx |
 xxxxxxxxx |
 xxxxxxxxx |
 xxxxxxxxx |
 xxxxxxxxx |
 xxxxxxxxx |
 xxxxxxxxx |
 xxxxxxxxx |
 xxxxxxxxx |
 xxxxxxxxx |
 xxxxxxxxx |
 xxxxxxxx  |
 xxxxxxx x |
 xxxxxxx   |
-----------

B_rownnz              9 9 9 9 9 9 9 9 9 9 9 8 8 7

B_rowadr              0 9 18 27 36 45 54 63 72 81 90 99 107 115

B_colind              0 1 2 3 4 5 6 7 8 0 1 2 3 4 5 6 7 8 0 1 2 3 4 5 6 7 8 0 1 2 3 4 5 6 7 8 0 1 2 3 4 5 6 7 8 0 1 2 3 4 5 6 7 8 0 1 2 3 4 5 6 7 8 0 1 2 3 4 5 6 7 8 0 1 2 3 4 5 6 7 8 0 1 2 3 4 5 6 7 8 0 1 2 3 4 5 6 7 8 0 1 2 3 4 5 6 7 0 1 2 3 4 5 6 8 0 1 2 3 4 5 6

C: reduced dof-dof matrix
-----------
 xxxxxxxxx |
 xxxxxxxxx |
 xxxxxxxxx |
 xxxxxxxxx |
 xxxxxxxxx |
 xxxxxxxxx |
 xxxxxxxxx |
 xxxxxxxx  |
 xxxxxxx x |
-----------

C_rownnz              9 9 9 9 9 9 9 8 8

C_rowadr              0 9 18 27 36 45 54 63 71

C_colind              0 1 2 3 4 5 6 7 8 0 1 2 3 4 5 6 7 8 0 1 2 3 4 5 6 7 8 0 1 2 3 4 5 6 7 8 0 1 2 3 4 5 6 7 8 0 1 2 3 4 5 6 7 8 0 1 2 3 4 5 6 7 8 0 1 2 3 4 5 6 7 0 1 2 3 4 5 6 8

mapM2C                0 2 5 9 14 20 27 35 43 2 1 4 8 13 19 26 34 42 5 4 3 7 12 18 25 33 41 9 8 7 6 11 17 24 32 40 14 13 12 11 10 16 23 31 39 20 19 18 17 16 15 22 30 38 27 26 25 24 23 22 21 29 37 35 34 33 32 31 30 29 28 43 42 41 40 39 38 37 36

D: dof-dof matrix
-----------
 xxxxxxxxx |
 xxxxxxxxx |
 xxxxxxxxx |
 xxxxxxxxx |
 xxxxxxxxx |
 xxxxxxxxx |
 xxxxxxxxx |
 xxxxxxxx  |
 xxxxxxx x |
-----------

D_rownnz              9 9 9 9 9 9 9 8 8

D_rowadr              0 9 18 27 36 45 54 63 71

D_colind              0 1 2 3 4 5 6 7 8 0 1 2 3 4 5 6 7 8 0 1 2 3 4 5 6 7 8 0 1 2 3 4 5 6 7 8 0 1 2 3 4 5 6 7 8 0 1 2 3 4 5 6 7 8 0 1 2 3 4 5 6 7 8 0 1 2 3 4 5 6 7 0 1 2 3 4 5 6 8

mapM2D                0 2 5 9 14 20 27 35 43 2 1 4 8 13 19 26 34 42 5 4 3 7 12 18 25 33 41 9 8 7 6 11 17 24 32 40 14 13 12 11 10 16 23 31 39 20 19 18 17 16 15 22 30 38 27 26 25 24 23 22 21 29 37 35 34 33 32 31 30 29 28 43 42 41 40 39 38 37 36

mapD2M                0 10 9 20 19 18 30 29 28 27 40 39 38 37 36 50 49 48 47 46 45 60 59 58 57 56 55 54 70 69 68 67 66 65 64 63 78 77 76 75 74 73 72 71

QDERIV
  -4.5e+02   0         0         0         0         0         0         0         0       
   0        -4.5e+02   0         0         0         0         0         0         0       
   0         0        -3.5e+02   0         0         0         0         0         0       
   0         0         0        -3.5e+02   0         0         0         0         0       
   0         0         0         0        -2e+02     0         0         0         0       
   0         0         0         0         0        -2e+02     0         0         0       
   0         0         0         0         0         0        -2e+02     0         0       
   0         0         0         0         0         0         0        -3.5       0       
   0         0         0         0         0         0         0         0        -3.5     

QLU
   0         0         0         0         0         0         0         0         0       
   0         0         0         0         0         0         0         0         0       
   0         0         0         0         0         0         0         0         0       
   0         0         0         0         0         0         0         0         0       
   0         0         0         0         0         0         0         0         0       
   0         0         0         0         0         0         0         0         0       
   0         0         0         0         0         0         0         0         0       
   0         0         0         0         0         0         0         0         0       
   0         0         0         0         0         0         0         0         0       

CONTACT
EFC_TYPE
  0

EFC_ID
  0

EFC_J
   0         0         0         0         0         0         0         1        -1       

EFC_POS
  -5.3e-05 

EFC_MARGIN
   0       

EFC_FRICTIONLOSS
   0       

EFC_DIAGAPPROX
   17      

EFC_KBIP
   4.1e+04   4e+02     0.95     -8.5     

EFC_D
   1.1     

EFC_R
   0.91    

TEN_VELOCITY
  -0.00025 

ACTUATOR_VELOCITY
  -5.1     
  -0.77    
  -4       
   1.7     
  -3.2     
  -6.8     
  -0.68    
  -0.00025 

CVEL
   0         0         0         0         0         0       
   0         0         0         0         0         0       
   0         0         0         0         0         0       
   0         0        -5.1       0.34     -0.34      0       
   0.35     -0.68     -5.1       0.15     -0.44      0.069   
  -0.17     -0.94     -9         0.35     -0.56      0.052   
   1.1      -2        -9.1       0.37     -0.53      0.005   
   0.19     -2.8      -12        0.54     -0.64     -0.017   
  -5.9       0.2      -11       -0.64     -3.2       0.53    
  -6        -0.23     -11       -0.38     -3.3       0.49    
  -6        -0.23     -11       -0.38     -3.3       0.49    
  -6        -0.23     -11       -0.39     -3.3       0.49    
  -6        -0.23     -11       -0.39     -3.3       0.49    
  -6        -0.23     -11       -0.38     -3.3       0.49    

CDOF_DOT
   0         0         0         0         0         0       
   4.5       2.3       0         0.64     -1.3       0.15    
  -0.35     -0.99      0.11     -0.28      0.11      0.043   
  -5.9      -6.8       0.81      0.25     -0.065     0.2     
   0.31     -3.5       0.82     -0.19      0.14      0.17    
  -4.9      -11        2.4       4.8      -2         0.88    
   6.8      -6.4      -3.7       4         4        -0.78    
   0         0         0         0.91     -8.1      -0.35    
   0         0         0        -0.91      8.1       0.35    

QFRC_BIAS
   14      
  -84      
   12      
   32      
   5.5     
   1       
   0.42    
  -0.46    
   0.46    

QFRC_SPRING
   0       
   0       
   0       
   0       
   0       
   0       
   0       
   0       
   0       

QFRC_DAMPER
   5.1     
   0.77    
   4       
  -1.7     
   3.2     
   6.8     
   0.68    
   0.004   
  -0.0035  

QFRC_GRAVCOMP
   0       
   0       
   0       
   0       
   0       
   0       
   0       
   0       
   0       

QFRC_FLUID
   0       
   0       
   0       
   0       
   0       
   0       
   0       
   0       
   0       

QFRC_PASSIVE
   5.1     
   0.77    
   4       
  -1.7     
   3.2     
   6.8     
   0.68    
   0.004   
  -0.0035  

EFC_VEL
  -0.0075  

EFC_AREF
   5.1     

SUBTREE_LINVEL
   0         0         0       
   0         0         0       
   0         0         0       
   0         0         0       
   0         0         0       
   0         0         0       
   0         0         0       
   0         0         0       
   0         0         0       
   0         0         0       
   0         0         0       
   0         0         0       
   0         0         0       
   0         0         0       

SUBTREE_ANGMOM
   0         0         0       
   0         0         0       
   0         0         0       
   0         0         0       
   0         0         0       
   0         0         0       
   0         0         0       
   0         0         0       
   0         0         0       
   0         0         0       
   0         0         0       
   0         0         0       
   0         0         0       
   0         0         0       

ACTUATOR_FORCE
   87      
  -87      
   69      
   21      
   12      
  -12      
   1.3     
  -0.0006  

QFRC_ACTUATOR
   87      
  -87      
   69      
   21      
   12      
  -12      
   1.3     
  -0.0003  
  -0.0003  

QFRC_SMOOTH
   78      
  -2.5     
   62      
  -13      
   9.6     
  -6.2     
   1.6     
   0.46    
  -0.46    

QACC_SMOOTH
   97      
   40      
   1.7e+02 
   46      
  -62      
  -23      
   26      
   9.4     
  -9.4     

EFC_B
   14      

EFC_FORCE
  -0.74    

EFC_STATE
  1

QFRC_CONSTRAINT
   0       
   0       
   0       
   0       
   0       
   0       
   0       
  -0.74    
   0.74    

QFRC_INVERSE
   0       
   0       
   0       
   0       
   0       
   0       
   0       
   0       
   0       

CACC
   0         0         0         0         0         0       
   0         0         0         0         0         0       
   0         0         0         0         0         0       
   0         0         0         0         0         0       
   0         0         0         0         0         0       
   0         0         0         0         0         0       
   0         0         0         0         0         0       
   0         0         0         0         0         0       
   0         0         0         0         0         0       
   0         0         0         0         0         0       
   0         0         0         0         0         0       
   0         0         0         0         0         0       
   0         0         0         0         0         0       
   0         0         0         0         0         0       

CFRC_INT
   0         0         0         0         0         0       
   0         0         0         0         0         0       
   0         0         0         0         0         0       
   0         0         0         0         0         0       
   0         0         0         0         0         0       
   0         0         0         0         0         0       
   0         0         0         0         0         0       
   0         0         0         0         0         0       
   0         0         0         0         0         0       
   0         0         0         0         0         0       
   0         0         0         0         0         0       
   0         0         0         0         0         0       
   0         0         0         0         0         0       
   0         0         0         0         0         0       

CFRC_EXT
   0         0         0         0         0         0       
   0         0         0         0         0         0       
   0         0         0         0         0         0       
   0         0         0         0         0         0       
   0         0         0         0         0         0       
   0         0         0         0         0         0       
   0         0         0         0         0         0       
   0         0         0         0         0         0       
   0         0         0         0         0         0       
   0         0         0         0         0         0       
   0         0         0         0         0         0       
   0         0         0         0         0         0       
   0         0         0         0         0         0       
   0         0         0         0         0         0       

TENDON_EFCADR         -1

